{
 "cells": [
  {
   "cell_type": "code",
   "execution_count": 1,
   "id": "5afba728-3a94-49d2-8124-c107ce1ce32e",
   "metadata": {},
   "outputs": [],
   "source": [
    "import pandas as pd\n",
    "import plotly.express as px \n",
    "import plotly.graph_objects as go \n",
    "import matplotlib.pyplot as plt\n",
    "import numpy as np\n",
    "\n",
    "\n",
    "\n",
    "pd.set_option('display.max_columns', None)\n",
    "\n",
    "data = pd.read_excel('big_12_data.xlsx') "
   ]
  },
  {
   "cell_type": "code",
   "execution_count": 3,
   "id": "182ef098-8fd4-486a-9a39-509559467027",
   "metadata": {},
   "outputs": [
    {
     "data": {
      "text/html": [
       "<div>\n",
       "<style scoped>\n",
       "    .dataframe tbody tr th:only-of-type {\n",
       "        vertical-align: middle;\n",
       "    }\n",
       "\n",
       "    .dataframe tbody tr th {\n",
       "        vertical-align: top;\n",
       "    }\n",
       "\n",
       "    .dataframe thead th {\n",
       "        text-align: right;\n",
       "    }\n",
       "</style>\n",
       "<table border=\"1\" class=\"dataframe\">\n",
       "  <thead>\n",
       "    <tr style=\"text-align: right;\">\n",
       "      <th></th>\n",
       "      <th>Rk</th>\n",
       "      <th>School</th>\n",
       "      <th>G</th>\n",
       "      <th>W</th>\n",
       "      <th>L</th>\n",
       "      <th>W%</th>\n",
       "      <th>W.1</th>\n",
       "      <th>L.1</th>\n",
       "      <th>W.2</th>\n",
       "      <th>L.2</th>\n",
       "      <th>W.3</th>\n",
       "      <th>L.3</th>\n",
       "      <th>Unnamed: 12</th>\n",
       "      <th>ORtg</th>\n",
       "      <th>DRtg</th>\n",
       "      <th>NRtg</th>\n",
       "      <th>Unnamed: 16</th>\n",
       "      <th>FG</th>\n",
       "      <th>FGA</th>\n",
       "      <th>FG%</th>\n",
       "      <th>3P</th>\n",
       "      <th>3PA</th>\n",
       "      <th>3P%</th>\n",
       "      <th>eFG%</th>\n",
       "      <th>FT</th>\n",
       "      <th>FTA</th>\n",
       "      <th>FT%</th>\n",
       "      <th>ORB</th>\n",
       "      <th>TRB</th>\n",
       "      <th>AST</th>\n",
       "      <th>STL</th>\n",
       "      <th>BLK</th>\n",
       "      <th>TOV</th>\n",
       "      <th>PF</th>\n",
       "      <th>PTS</th>\n",
       "      <th>PTS.1</th>\n",
       "      <th>Unnamed: 36</th>\n",
       "      <th>SRS</th>\n",
       "      <th>SOS</th>\n",
       "      <th>Pace</th>\n",
       "    </tr>\n",
       "  </thead>\n",
       "  <tbody>\n",
       "    <tr>\n",
       "      <th>5</th>\n",
       "      <td>6</td>\n",
       "      <td>Kansas</td>\n",
       "      <td>34</td>\n",
       "      <td>23</td>\n",
       "      <td>11</td>\n",
       "      <td>0.676</td>\n",
       "      <td>10</td>\n",
       "      <td>8</td>\n",
       "      <td>15</td>\n",
       "      <td>1</td>\n",
       "      <td>3</td>\n",
       "      <td>7</td>\n",
       "      <td>NaN</td>\n",
       "      <td>107.7</td>\n",
       "      <td>99.6</td>\n",
       "      <td>8.1</td>\n",
       "      <td>NaN</td>\n",
       "      <td>28.2</td>\n",
       "      <td>57.9</td>\n",
       "      <td>0.488</td>\n",
       "      <td>5.7</td>\n",
       "      <td>17.3</td>\n",
       "      <td>0.332</td>\n",
       "      <td>0.538</td>\n",
       "      <td>13.4</td>\n",
       "      <td>18.5</td>\n",
       "      <td>0.721</td>\n",
       "      <td>8.2</td>\n",
       "      <td>36.1</td>\n",
       "      <td>19.0</td>\n",
       "      <td>7.1</td>\n",
       "      <td>3.9</td>\n",
       "      <td>11.7</td>\n",
       "      <td>14.8</td>\n",
       "      <td>75.6</td>\n",
       "      <td>69.9</td>\n",
       "      <td>NaN</td>\n",
       "      <td>16.35</td>\n",
       "      <td>11.32</td>\n",
       "      <td>69.9</td>\n",
       "    </tr>\n",
       "    <tr>\n",
       "      <th>6</th>\n",
       "      <td>7</td>\n",
       "      <td>Texas</td>\n",
       "      <td>34</td>\n",
       "      <td>21</td>\n",
       "      <td>13</td>\n",
       "      <td>0.618</td>\n",
       "      <td>9</td>\n",
       "      <td>9</td>\n",
       "      <td>14</td>\n",
       "      <td>4</td>\n",
       "      <td>4</td>\n",
       "      <td>6</td>\n",
       "      <td>NaN</td>\n",
       "      <td>110.1</td>\n",
       "      <td>100.6</td>\n",
       "      <td>9.5</td>\n",
       "      <td>NaN</td>\n",
       "      <td>27.4</td>\n",
       "      <td>58.5</td>\n",
       "      <td>0.469</td>\n",
       "      <td>7.2</td>\n",
       "      <td>20.3</td>\n",
       "      <td>0.355</td>\n",
       "      <td>0.530</td>\n",
       "      <td>13.4</td>\n",
       "      <td>17.6</td>\n",
       "      <td>0.757</td>\n",
       "      <td>10.0</td>\n",
       "      <td>34.7</td>\n",
       "      <td>15.1</td>\n",
       "      <td>7.2</td>\n",
       "      <td>4.4</td>\n",
       "      <td>11.6</td>\n",
       "      <td>17.3</td>\n",
       "      <td>75.4</td>\n",
       "      <td>68.9</td>\n",
       "      <td>NaN</td>\n",
       "      <td>15.91</td>\n",
       "      <td>9.41</td>\n",
       "      <td>68.2</td>\n",
       "    </tr>\n",
       "    <tr>\n",
       "      <th>3</th>\n",
       "      <td>4</td>\n",
       "      <td>Texas Tech</td>\n",
       "      <td>34</td>\n",
       "      <td>23</td>\n",
       "      <td>11</td>\n",
       "      <td>0.676</td>\n",
       "      <td>11</td>\n",
       "      <td>7</td>\n",
       "      <td>15</td>\n",
       "      <td>2</td>\n",
       "      <td>4</td>\n",
       "      <td>6</td>\n",
       "      <td>NaN</td>\n",
       "      <td>111.7</td>\n",
       "      <td>103.3</td>\n",
       "      <td>8.4</td>\n",
       "      <td>NaN</td>\n",
       "      <td>25.8</td>\n",
       "      <td>57.1</td>\n",
       "      <td>0.451</td>\n",
       "      <td>8.5</td>\n",
       "      <td>23.6</td>\n",
       "      <td>0.359</td>\n",
       "      <td>0.526</td>\n",
       "      <td>15.2</td>\n",
       "      <td>19.5</td>\n",
       "      <td>0.780</td>\n",
       "      <td>9.9</td>\n",
       "      <td>34.9</td>\n",
       "      <td>14.7</td>\n",
       "      <td>6.0</td>\n",
       "      <td>2.5</td>\n",
       "      <td>11.1</td>\n",
       "      <td>14.9</td>\n",
       "      <td>75.3</td>\n",
       "      <td>69.6</td>\n",
       "      <td>NaN</td>\n",
       "      <td>14.96</td>\n",
       "      <td>9.28</td>\n",
       "      <td>67.2</td>\n",
       "    </tr>\n",
       "  </tbody>\n",
       "</table>\n",
       "</div>"
      ],
      "text/plain": [
       "   Rk      School   G   W   L     W%  W.1  L.1  W.2  L.2  W.3  L.3  \\\n",
       "5   6      Kansas  34  23  11  0.676   10    8   15    1    3    7   \n",
       "6   7       Texas  34  21  13  0.618    9    9   14    4    4    6   \n",
       "3   4  Texas Tech  34  23  11  0.676   11    7   15    2    4    6   \n",
       "\n",
       "   Unnamed: 12   ORtg   DRtg  NRtg  Unnamed: 16    FG   FGA    FG%   3P   3PA  \\\n",
       "5          NaN  107.7   99.6   8.1          NaN  28.2  57.9  0.488  5.7  17.3   \n",
       "6          NaN  110.1  100.6   9.5          NaN  27.4  58.5  0.469  7.2  20.3   \n",
       "3          NaN  111.7  103.3   8.4          NaN  25.8  57.1  0.451  8.5  23.6   \n",
       "\n",
       "     3P%   eFG%    FT   FTA    FT%   ORB   TRB   AST  STL  BLK   TOV    PF  \\\n",
       "5  0.332  0.538  13.4  18.5  0.721   8.2  36.1  19.0  7.1  3.9  11.7  14.8   \n",
       "6  0.355  0.530  13.4  17.6  0.757  10.0  34.7  15.1  7.2  4.4  11.6  17.3   \n",
       "3  0.359  0.526  15.2  19.5  0.780   9.9  34.9  14.7  6.0  2.5  11.1  14.9   \n",
       "\n",
       "    PTS  PTS.1  Unnamed: 36    SRS    SOS  Pace  \n",
       "5  75.6   69.9          NaN  16.35  11.32  69.9  \n",
       "6  75.4   68.9          NaN  15.91   9.41  68.2  \n",
       "3  75.3   69.6          NaN  14.96   9.28  67.2  "
      ]
     },
     "execution_count": 3,
     "metadata": {},
     "output_type": "execute_result"
    }
   ],
   "source": [
    "data.sample(3)"
   ]
  },
  {
   "cell_type": "code",
   "execution_count": 5,
   "id": "536dfb90-09bc-4f09-b16d-30e849ec1d56",
   "metadata": {},
   "outputs": [
    {
     "data": {
      "text/plain": [
       "(14, 40)"
      ]
     },
     "execution_count": 5,
     "metadata": {},
     "output_type": "execute_result"
    }
   ],
   "source": [
    "data.shape"
   ]
  },
  {
   "cell_type": "code",
   "execution_count": 7,
   "id": "e453fcf1-f0ea-409b-83a0-6aa433d731c8",
   "metadata": {},
   "outputs": [],
   "source": [
    "data.drop(columns=[\"Unnamed: 12\", \"Unnamed: 16\", \"Unnamed: 36\", \"SRS\", \"SOS\", \"Pace\"], inplace=True)"
   ]
  },
  {
   "cell_type": "code",
   "execution_count": 9,
   "id": "abbbe311-daf2-4ab5-a7ef-889a4dd5376c",
   "metadata": {},
   "outputs": [],
   "source": [
    "data.rename(columns={\"W.1\": \"Conf. W\", \"L.1\": \"Conf. L\", \"W.2\": \"Home W\", \"L.2\": \"Home L\", \"W.3\": \"Away W\", \"L.3\": \"Away L\", \"FG\": \"FGM\", \"FT\": \"FTM\", \"PTS.1\": \"OPP PTS\", \"3P\": \"3PM\"}, inplace = True)"
   ]
  },
  {
   "cell_type": "code",
   "execution_count": 31,
   "id": "beed21ff-66d0-4c85-b15f-ee7695e69dbe",
   "metadata": {},
   "outputs": [
    {
     "data": {
      "application/vnd.plotly.v1+json": {
       "config": {
        "plotlyServerURL": "https://plot.ly"
       },
       "data": [
        {
         "coloraxis": "coloraxis",
         "hovertemplate": "x: %{x}<br>y: %{y}<br>Correlation: %{z}<extra></extra>",
         "name": "0",
         "type": "heatmap",
         "x": [
          "FG3A%",
          "PTS/FGA",
          "FG3M/FGM",
          "FTA/FGA",
          "TS%",
          "AST_TOV",
          "FGM",
          "FGA",
          "ORtg",
          "DRtg",
          "NRtg",
          "FG%",
          "3PM",
          "3PA",
          "3P%",
          "eFG%",
          "FTM",
          "FTA",
          "FT%",
          "ORB",
          "TRB",
          "AST",
          "STL",
          "BLK",
          "TOV",
          "PF",
          "PTS",
          "OPP PTS"
         ],
         "xaxis": "x",
         "y": [
          "FG3A%",
          "PTS/FGA",
          "FG3M/FGM",
          "FTA/FGA",
          "TS%",
          "AST_TOV",
          "FGM",
          "FGA",
          "ORtg",
          "DRtg",
          "NRtg",
          "FG%",
          "3PM",
          "3PA",
          "3P%",
          "eFG%",
          "FTM",
          "FTA",
          "FT%",
          "ORB",
          "TRB",
          "AST",
          "STL",
          "BLK",
          "TOV",
          "PF",
          "PTS",
          "OPP PTS"
         ],
         "yaxis": "y",
         "z": [
          [
           1,
           0.05411385810508293,
           0.9634315549301999,
           -0.24230377609162618,
           0.17563362989105588,
           -0.02507836949004435,
           -0.12240347214517654,
           0.07366299674252452,
           0.15346027233844023,
           0.3017554993092394,
           -0.10086984036795832,
           -0.25436300460890754,
           0.9117238415442763,
           0.9582029309829494,
           -0.03458559137660098,
           0.19664466633970926,
           -0.24039744771829938,
           -0.3127129140152145,
           0.21149693766755817,
           0.04883354178881109,
           0.2339998790607621,
           -0.07300752630472594,
           -0.5429438452664254,
           -0.4077069515742002,
           0.025639158750628322,
           0.1434977964798558,
           0.11916953375932075,
           0.21556882741235608
          ],
          [
           0.05411385810508293,
           1,
           0.07730152375621857,
           0.43147224203330087,
           0.9103026747961623,
           0.12486529351495293,
           0.24843164241559698,
           -0.4030880000421431,
           0.49314021933702845,
           0.29049994898259135,
           0.10351809224352286,
           0.7400926595017452,
           0.16383361291615348,
           -0.054978914055358166,
           0.6705253624313616,
           0.8072154784098459,
           0.5742157138612398,
           0.37667603932308424,
           0.6425404297284562,
           -0.422468659115748,
           -0.41503161388872967,
           0.2999913332619005,
           -0.21769445370009755,
           -0.6259409772400496,
           0.10936964214843915,
           -0.15687216713662935,
           0.5566604715269794,
           0.25527318098933455
          ],
          [
           0.9634315549301999,
           0.07730152375621857,
           1,
           -0.1509151679379115,
           0.15790922215871658,
           -0.07370045342315391,
           -0.18691791779990602,
           0.032476249612005806,
           0.20026599029570513,
           0.3404409719756544,
           -0.09817470487570056,
           -0.3070346513146126,
           0.921599388903203,
           0.9099836086613065,
           0.14170163631381674,
           0.16014710982604244,
           -0.14439235557796656,
           -0.21202034960243693,
           0.21457321144708505,
           0.10034272472612209,
           0.12505745957216993,
           -0.1912094910596847,
           -0.5146571530408198,
           -0.43503340081303365,
           -0.04802390946907436,
           0.13245653560885123,
           0.10249435332133024,
           0.20599794508371563
          ],
          [
           -0.24230377609162618,
           0.43147224203330087,
           -0.1509151679379115,
           1,
           0.019718103897844973,
           -0.656458622684261,
           -0.5824774696354471,
           -0.7556912815994462,
           -0.31575681384676074,
           0.28334364519437466,
           -0.36203490493047946,
           -0.09409583124679295,
           -0.38093005912761957,
           -0.4478592285425478,
           0.14610347143538852,
           -0.1662959490154997,
           0.9231018625725687,
           0.9638294023208311,
           0.012963527337091569,
           -0.255600529533621,
           -0.5167373185060257,
           -0.4916288709845536,
           -0.04295921505894845,
           -0.1268797408599276,
           0.5207378961971156,
           0.005705127166602745,
           -0.28863964132272374,
           0.25698594422672266
          ],
          [
           0.17563362989105588,
           0.9103026747961623,
           0.15790922215871658,
           0.019718103897844973,
           1,
           0.4406878273832716,
           0.5398970249596355,
           -0.10191084383895552,
           0.6863489685615587,
           0.19571022050559933,
           0.2755022779860349,
           0.8608118174405978,
           0.35850567036238296,
           0.14855842099403962,
           0.6709952853845641,
           0.9698372721124346,
           0.21418388832291554,
           -0.02514804801947546,
           0.7122523040980564,
           -0.35766559392375896,
           -0.2237614449019084,
           0.5618293494741591,
           -0.2243815167111479,
           -0.6379002046506367,
           -0.11405934070784755,
           -0.1706895737298081,
           0.7480983722865471,
           0.1705129394845879
          ],
          [
           -0.02507836949004435,
           0.12486529351495293,
           -0.07370045342315391,
           -0.656458622684261,
           0.4406878273832716,
           1,
           0.8079797641819207,
           0.56537503587311,
           0.6876375600894117,
           -0.43429677243523857,
           0.6722307477204525,
           0.5901385659146756,
           0.2436882477155029,
           0.15571237690394152,
           0.32248953771860245,
           0.5845332544107116,
           -0.5148729764544323,
           -0.5991953824680306,
           0.18969285212130688,
           0.044390410300179185,
           0.20756771571672697,
           0.8146325051723811,
           0.3066271060973366,
           -0.2061710811799053,
           -0.7198940233525801,
           -0.03831993730842331,
           0.6347333735207067,
           -0.4068293919999262
          ],
          [
           -0.12240347214517654,
           0.24843164241559698,
           -0.18691791779990602,
           -0.5824774696354471,
           0.5398970249596355,
           0.8079797641819207,
           1,
           0.712148357187648,
           0.7522408134234948,
           -0.3482055470028101,
           0.6573535072577813,
           0.7219311368416598,
           0.20726785997502722,
           0.09855949474905162,
           0.369875178575143,
           0.6642607502227155,
           -0.34669254056462573,
           -0.4486576710789033,
           0.2414178731260873,
           0.26438168566768555,
           0.4060198244436365,
           0.8168640221748886,
           0.29117666542656917,
           -0.08465010357409283,
           -0.4316186623658931,
           0.06975632770112507,
           0.8754680301835437,
           -0.22963200817919227
          ],
          [
           0.07366299674252452,
           -0.4030880000421431,
           0.032476249612005806,
           -0.7556912815994462,
           -0.10191084383895552,
           0.56537503587311,
           0.712148357187648,
           1,
           0.45721217335120806,
           -0.467612528008141,
           0.5615866290460233,
           0.02969389104541501,
           0.3227060898769876,
           0.35356595241991773,
           -0.03474642779984831,
           0.053093044325134536,
           -0.5796018286671801,
           -0.5567914962743973,
           -0.13511553486765945,
           0.727395374423395,
           0.7837289728683604,
           0.43949038820985864,
           0.3632202384731863,
           0.27772668194127886,
           -0.42929594290473405,
           0.3330942363952926,
           0.5354001165508904,
           -0.34277795812675244
          ],
          [
           0.15346027233844023,
           0.49314021933702845,
           0.20026599029570513,
           -0.31575681384676074,
           0.6863489685615587,
           0.6876375600894117,
           0.7522408134234948,
           0.45721217335120806,
           1,
           -0.3653422269761003,
           0.8109662739468038,
           0.6230309733037559,
           0.49439776134015323,
           0.2807415009032367,
           0.7234458880847416,
           0.7505041931368323,
           -0.08371873262343289,
           -0.2207163305279159,
           0.3904932551903499,
           0.3182562069819997,
           0.17649385615533136,
           0.4584285249958283,
           0.2730643296508256,
           -0.29274705169271725,
           -0.6373276987923377,
           0.17107305907563883,
           0.86536522870409,
           -0.41300739838109035
          ],
          [
           0.3017554993092394,
           0.29049994898259135,
           0.3404409719756544,
           0.28334364519437466,
           0.19571022050559933,
           -0.43429677243523857,
           -0.3482055470028101,
           -0.467612528008141,
           -0.3653422269761003,
           1,
           -0.8409101458557622,
           -0.05228799153292081,
           0.18557155914396975,
           0.1480902813096335,
           0.08629423773863058,
           0.09771281562211095,
           0.25173118938823863,
           0.15498768129150578,
           0.30222176758756447,
           -0.5074736393145238,
           -0.31809078369948696,
           -0.0754976107656166,
           -0.8408173429851002,
           -0.39740767607915617,
           0.604822552406643,
           -0.4164188193289915,
           -0.15112676920688345,
           0.9540000945738606
          ],
          [
           -0.10086984036795832,
           0.10351809224352286,
           -0.09817470487570056,
           -0.36203490493047946,
           0.2755022779860349,
           0.6722307477204525,
           0.6573535072577813,
           0.5615866290460233,
           0.8109662739468038,
           -0.8409101458557622,
           1,
           0.39487250583048167,
           0.1705907109968788,
           0.07017715294105455,
           0.3655413097778783,
           0.3743982301015513,
           -0.20665096219387405,
           -0.2254780222374505,
           0.03682771690451414,
           0.5063801244210339,
           0.3050964540546818,
           0.31489367074957697,
           0.6871540675344351,
           0.08039271345447292,
           -0.748626932760067,
           0.3614868443291867,
           0.5992049528862536,
           -0.8389682519655006
          ],
          [
           -0.25436300460890754,
           0.7400926595017452,
           -0.3070346513146126,
           -0.09409583124679295,
           0.8608118174405978,
           0.5901385659146756,
           0.7219311368416598,
           0.02969389104541501,
           0.6230309733037559,
           -0.05228799153292081,
           0.39487250583048167,
           1,
           -0.03146753395910071,
           -0.21481776328028895,
           0.5530915590359492,
           0.8899183626874203,
           0.06081967651843046,
           -0.1017646456873274,
           0.4575285743359039,
           -0.33213043705120476,
           -0.18526632122867126,
           0.7149326278723974,
           0.05873408642661558,
           -0.37026925847278547,
           -0.20490785085507138,
           -0.23965837322410072,
           0.708699469424416,
           -0.011089439827512072
          ],
          [
           0.9117238415442763,
           0.16383361291615348,
           0.921599388903203,
           -0.38093005912761957,
           0.35850567036238296,
           0.2436882477155029,
           0.20726785997502722,
           0.3227060898769876,
           0.49439776134015323,
           0.18557155914396975,
           0.1705907109968788,
           -0.03146753395910071,
           1,
           0.9489447817051956,
           0.2776238984829159,
           0.41061170318586204,
           -0.2819594909257781,
           -0.3858954200651923,
           0.30005476616829413,
           0.2166948736831233,
           0.2978977044134007,
           0.12389905848539601,
           -0.3874809706658342,
           -0.4487726737113136,
           -0.22281180095524092,
           0.180406365172708,
           0.4457714057927344,
           0.10161233246408241
          ],
          [
           0.9582029309829494,
           -0.054978914055358166,
           0.9099836086613065,
           -0.4478592285425478,
           0.14855842099403962,
           0.15571237690394152,
           0.09855949474905162,
           0.35356595241991773,
           0.2807415009032367,
           0.1480902813096335,
           0.07017715294105455,
           -0.21481776328028895,
           0.9489447817051956,
           1,
           -0.037949321791370304,
           0.21409698190510998,
           -0.3959967344229367,
           -0.4592135685640826,
           0.16612248979455016,
           0.2376862228487018,
           0.4398136661696999,
           0.0733385573572589,
           -0.4090469541649214,
           -0.30700466021860534,
           -0.10872123531943272,
           0.22782519071340024,
           0.2726997031431456,
           0.10401228674774066
          ],
          [
           -0.03458559137660098,
           0.6705253624313616,
           0.14170163631381674,
           0.14610347143538852,
           0.6709952853845641,
           0.32248953771860245,
           0.369875178575143,
           -0.03474642779984831,
           0.7234458880847416,
           0.08629423773863058,
           0.3655413097778783,
           0.5530915590359492,
           0.2776238984829159,
           -0.037949321791370304,
           1,
           0.6453189424053607,
           0.29423443088063,
           0.17112695117003696,
           0.40964073052545313,
           -0.019104184178049686,
           -0.4075597758981797,
           0.17881840299379115,
           0.08217044197651494,
           -0.48608476043110815,
           -0.39945071357448847,
           -0.07123930783349067,
           0.5860623296125754,
           -0.04129298017877649
          ],
          [
           0.19664466633970926,
           0.8072154784098459,
           0.16014710982604244,
           -0.1662959490154997,
           0.9698372721124346,
           0.5845332544107116,
           0.6642607502227155,
           0.053093044325134536,
           0.7505041931368323,
           0.09771281562211095,
           0.3743982301015513,
           0.8899183626874203,
           0.41061170318586204,
           0.21409698190510998,
           0.6453189424053607,
           1,
           0.0018278631713224372,
           -0.19957216964534266,
           0.580537531004776,
           -0.2875724647216349,
           -0.12757096196800655,
           0.6553115679582132,
           -0.17021990356352548,
           -0.5945313896434591,
           -0.24108167030578576,
           -0.1720317580392255,
           0.7929571480087116,
           0.07809277873912407
          ],
          [
           -0.24039744771829938,
           0.5742157138612398,
           -0.14439235557796656,
           0.9231018625725687,
           0.21418388832291554,
           -0.5148729764544323,
           -0.34669254056462573,
           -0.5796018286671801,
           -0.08371873262343289,
           0.25173118938823863,
           -0.20665096219387405,
           0.06081967651843046,
           -0.2819594909257781,
           -0.3959967344229367,
           0.29423443088063,
           0.0018278631713224372,
           1,
           0.939208722925373,
           0.3044496197555472,
           -0.14345779534560954,
           -0.3870556759021027,
           -0.31629162643084824,
           0.002832221589947975,
           -0.18103332329302133,
           0.473107714994974,
           0.09203646475439395,
           0.004004998628337257,
           0.2600121216639109
          ],
          [
           -0.3127129140152145,
           0.37667603932308424,
           -0.21202034960243693,
           0.9638294023208311,
           -0.02514804801947546,
           -0.5991953824680306,
           -0.4486576710789033,
           -0.5567914962743973,
           -0.2207163305279159,
           0.15498768129150578,
           -0.2254780222374505,
           -0.1017646456873274,
           -0.3858954200651923,
           -0.4592135685640826,
           0.17112695117003696,
           -0.19957216964534266,
           0.939208722925373,
           1,
           -0.039095583364878256,
           -0.034447751421021945,
           -0.35442800811848235,
           -0.44477113112084044,
           0.12292725902151844,
           -0.03452720036025219,
           0.4769045216886758,
           0.14248761687085523,
           -0.1587879559875018,
           0.17251380527831303
          ],
          [
           0.21149693766755817,
           0.6425404297284562,
           0.21457321144708505,
           0.012963527337091569,
           0.7122523040980564,
           0.18969285212130688,
           0.2414178731260873,
           -0.13511553486765945,
           0.3904932551903499,
           0.30222176758756447,
           0.03682771690451414,
           0.4575285743359039,
           0.30005476616829413,
           0.16612248979455016,
           0.40964073052545313,
           0.580537531004776,
           0.3044496197555472,
           -0.039095583364878256,
           1,
           -0.3317624893655376,
           -0.16257068646744535,
           0.3260722479834275,
           -0.32436847041313,
           -0.4772307743593288,
           0.029449979458196315,
           -0.08769364154173151,
           0.4756565928338587,
           0.2776930964324551
          ],
          [
           0.04883354178881109,
           -0.422468659115748,
           0.10034272472612209,
           -0.255600529533621,
           -0.35766559392375896,
           0.044390410300179185,
           0.26438168566768555,
           0.727395374423395,
           0.3182562069819997,
           -0.5074736393145238,
           0.5063801244210339,
           -0.33213043705120476,
           0.2166948736831233,
           0.2376862228487018,
           -0.019104184178049686,
           -0.2875724647216349,
           -0.14345779534560954,
           -0.034447751421021945,
           -0.3317624893655376,
           1,
           0.7152317668421787,
           -0.15563593220989216,
           0.46602307774240276,
           0.4820708824077955,
           -0.23235431806263113,
           0.5613458140480896,
           0.2618409438807003,
           -0.4510683134004744
          ],
          [
           0.2339998790607621,
           -0.41503161388872967,
           0.12505745957216993,
           -0.5167373185060257,
           -0.2237614449019084,
           0.20756771571672697,
           0.4060198244436365,
           0.7837289728683604,
           0.17649385615533136,
           -0.31809078369948696,
           0.3050964540546818,
           -0.18526632122867126,
           0.2978977044134007,
           0.4398136661696999,
           -0.4075597758981797,
           -0.12757096196800655,
           -0.3870556759021027,
           -0.35442800811848235,
           -0.16257068646744535,
           0.7152317668421787,
           1,
           0.22628115831660242,
           0.07570660634250691,
           0.44595684865230556,
           -0.03219975591737961,
           0.3499282485316524,
           0.32260479903839273,
           -0.16752440078890624
          ],
          [
           -0.07300752630472594,
           0.2999913332619005,
           -0.1912094910596847,
           -0.4916288709845536,
           0.5618293494741591,
           0.8146325051723811,
           0.8168640221748886,
           0.43949038820985864,
           0.4584285249958283,
           -0.0754976107656166,
           0.31489367074957697,
           0.7149326278723974,
           0.12389905848539601,
           0.0733385573572589,
           0.17881840299379115,
           0.6553115679582132,
           -0.31629162643084824,
           -0.44477113112084044,
           0.3260722479834275,
           -0.15563593220989216,
           0.22628115831660242,
           1,
           0.03397884546972282,
           -0.3093304125094141,
           -0.1946135029984764,
           -0.1598490066808252,
           0.6854541369611498,
           0.06525003709156067
          ],
          [
           -0.5429438452664254,
           -0.21769445370009755,
           -0.5146571530408198,
           -0.04295921505894845,
           -0.2243815167111479,
           0.3066271060973366,
           0.29117666542656917,
           0.3632202384731863,
           0.2730643296508256,
           -0.8408173429851002,
           0.6871540675344351,
           0.05873408642661558,
           -0.3874809706658342,
           -0.4090469541649214,
           0.08217044197651494,
           -0.17021990356352548,
           0.002832221589947975,
           0.12292725902151844,
           -0.32436847041313,
           0.46602307774240276,
           0.07570660634250691,
           0.03397884546972282,
           1,
           0.37013175826435885,
           -0.47821627122341903,
           0.4752646714453749,
           0.13039573451906308,
           -0.7779107831590931
          ],
          [
           -0.4077069515742002,
           -0.6259409772400496,
           -0.43503340081303365,
           -0.1268797408599276,
           -0.6379002046506367,
           -0.2061710811799053,
           -0.08465010357409283,
           0.27772668194127886,
           -0.29274705169271725,
           -0.39740767607915617,
           0.08039271345447292,
           -0.37026925847278547,
           -0.4487726737113136,
           -0.30700466021860534,
           -0.48608476043110815,
           -0.5945313896434591,
           -0.18103332329302133,
           -0.03452720036025219,
           -0.4772307743593288,
           0.4820708824077955,
           0.44595684865230556,
           -0.3093304125094141,
           0.37013175826435885,
           1,
           0.0013529911276857515,
           0.43177294463563115,
           -0.33092307260758336,
           -0.32752710980868394
          ],
          [
           0.025639158750628322,
           0.10936964214843915,
           -0.04802390946907436,
           0.5207378961971156,
           -0.11405934070784755,
           -0.7198940233525801,
           -0.4316186623658931,
           -0.42929594290473405,
           -0.6373276987923377,
           0.604822552406643,
           -0.748626932760067,
           -0.20490785085507138,
           -0.22281180095524092,
           -0.10872123531943272,
           -0.39945071357448847,
           -0.24108167030578576,
           0.473107714994974,
           0.4769045216886758,
           0.029449979458196315,
           -0.23235431806263113,
           -0.03219975591737961,
           -0.1946135029984764,
           -0.47821627122341903,
           0.0013529911276857515,
           1,
           -0.05004323096234566,
           -0.28664718602123884,
           0.7296616547110019
          ],
          [
           0.1434977964798558,
           -0.15687216713662935,
           0.13245653560885123,
           0.005705127166602745,
           -0.1706895737298081,
           -0.03831993730842331,
           0.06975632770112507,
           0.3330942363952926,
           0.17107305907563883,
           -0.4164188193289915,
           0.3614868443291867,
           -0.23965837322410072,
           0.180406365172708,
           0.22782519071340024,
           -0.07123930783349067,
           -0.1720317580392255,
           0.09203646475439395,
           0.14248761687085523,
           -0.08769364154173151,
           0.5613458140480896,
           0.3499282485316524,
           -0.1598490066808252,
           0.4752646714453749,
           0.43177294463563115,
           -0.05004323096234566,
           1,
           0.16742006541479562,
           -0.34018507937968634
          ],
          [
           0.11916953375932075,
           0.5566604715269794,
           0.10249435332133024,
           -0.28863964132272374,
           0.7480983722865471,
           0.6347333735207067,
           0.8754680301835437,
           0.5354001165508904,
           0.86536522870409,
           -0.15112676920688345,
           0.5992049528862536,
           0.708699469424416,
           0.4457714057927344,
           0.2726997031431456,
           0.5860623296125754,
           0.7929571480087116,
           0.004004998628337257,
           -0.1587879559875018,
           0.4756565928338587,
           0.2618409438807003,
           0.32260479903839273,
           0.6854541369611498,
           0.13039573451906308,
           -0.33092307260758336,
           -0.28664718602123884,
           0.16742006541479562,
           1,
           -0.06801052390090502
          ],
          [
           0.21556882741235608,
           0.25527318098933455,
           0.20599794508371563,
           0.25698594422672266,
           0.1705129394845879,
           -0.4068293919999262,
           -0.22963200817919227,
           -0.34277795812675244,
           -0.41300739838109035,
           0.9540000945738606,
           -0.8389682519655006,
           -0.011089439827512072,
           0.10161233246408241,
           0.10401228674774066,
           -0.04129298017877649,
           0.07809277873912407,
           0.2600121216639109,
           0.17251380527831303,
           0.2776930964324551,
           -0.4510683134004744,
           -0.16752440078890624,
           0.06525003709156067,
           -0.7779107831590931,
           -0.32752710980868394,
           0.7296616547110019,
           -0.34018507937968634,
           -0.06801052390090502,
           1
          ]
         ]
        }
       ],
       "layout": {
        "coloraxis": {
         "colorbar": {
          "title": {
           "text": "Correlation"
          }
         },
         "colorscale": [
          [
           0,
           "#0d0887"
          ],
          [
           0.1111111111111111,
           "#46039f"
          ],
          [
           0.2222222222222222,
           "#7201a8"
          ],
          [
           0.3333333333333333,
           "#9c179e"
          ],
          [
           0.4444444444444444,
           "#bd3786"
          ],
          [
           0.5555555555555556,
           "#d8576b"
          ],
          [
           0.6666666666666666,
           "#ed7953"
          ],
          [
           0.7777777777777778,
           "#fb9f3a"
          ],
          [
           0.8888888888888888,
           "#fdca26"
          ],
          [
           1,
           "#f0f921"
          ]
         ]
        },
        "height": 700,
        "margin": {
         "t": 60
        },
        "template": {
         "data": {
          "bar": [
           {
            "error_x": {
             "color": "#2a3f5f"
            },
            "error_y": {
             "color": "#2a3f5f"
            },
            "marker": {
             "line": {
              "color": "#E5ECF6",
              "width": 0.5
             },
             "pattern": {
              "fillmode": "overlay",
              "size": 10,
              "solidity": 0.2
             }
            },
            "type": "bar"
           }
          ],
          "barpolar": [
           {
            "marker": {
             "line": {
              "color": "#E5ECF6",
              "width": 0.5
             },
             "pattern": {
              "fillmode": "overlay",
              "size": 10,
              "solidity": 0.2
             }
            },
            "type": "barpolar"
           }
          ],
          "carpet": [
           {
            "aaxis": {
             "endlinecolor": "#2a3f5f",
             "gridcolor": "white",
             "linecolor": "white",
             "minorgridcolor": "white",
             "startlinecolor": "#2a3f5f"
            },
            "baxis": {
             "endlinecolor": "#2a3f5f",
             "gridcolor": "white",
             "linecolor": "white",
             "minorgridcolor": "white",
             "startlinecolor": "#2a3f5f"
            },
            "type": "carpet"
           }
          ],
          "choropleth": [
           {
            "colorbar": {
             "outlinewidth": 0,
             "ticks": ""
            },
            "type": "choropleth"
           }
          ],
          "contour": [
           {
            "colorbar": {
             "outlinewidth": 0,
             "ticks": ""
            },
            "colorscale": [
             [
              0,
              "#0d0887"
             ],
             [
              0.1111111111111111,
              "#46039f"
             ],
             [
              0.2222222222222222,
              "#7201a8"
             ],
             [
              0.3333333333333333,
              "#9c179e"
             ],
             [
              0.4444444444444444,
              "#bd3786"
             ],
             [
              0.5555555555555556,
              "#d8576b"
             ],
             [
              0.6666666666666666,
              "#ed7953"
             ],
             [
              0.7777777777777778,
              "#fb9f3a"
             ],
             [
              0.8888888888888888,
              "#fdca26"
             ],
             [
              1,
              "#f0f921"
             ]
            ],
            "type": "contour"
           }
          ],
          "contourcarpet": [
           {
            "colorbar": {
             "outlinewidth": 0,
             "ticks": ""
            },
            "type": "contourcarpet"
           }
          ],
          "heatmap": [
           {
